 1960.03 
 1996.07 
0.738539906
-0.120860269
0.524658706
0.727132413
0.497612985
0.315846662
0.436759768
0.524502838
0.755940988
0.928733751
0.421662153
0.467434752
-0.00983758
-0.076983919
-0.360283658
-0.42420722
-0.139317497
-0.498437547
0.043886651
-0.548920999
-0.576418178
-0.333759913
0.056486078
-0.538306428
-0.224081198
-0.262631203
0.076105755
0.140395048
-0.165609185
0.077005113
-0.107969401
0.04641298
-0.02230485
0.050692453
-0.107628962
-0.180326676
-0.197687191
-0.390997812
-0.159229248
-0.160859481
-0.084931208
-0.152975692
-0.267361334
-0.390200416
-0.0142879
-0.128429665
-0.283863527
-0.343213203
-0.132402283
-0.450278102
-0.306117498
-0.145626856
-0.451855027
-0.32477724
-0.365759306
0.376469101
-0.970462755
-0.647162796
-0.440882876
-0.263827378
-0.583796626
-0.337090504
-0.435108653
-0.266560894
-0.514341716
-0.182854363
-0.402999936
-0.478067189
-0.409703242
-0.623991641
-0.49150548
-0.472654047
-0.689577943
-0.32551515
-0.249217452
-0.469135736
-0.23808119
-0.169006747
-0.152675105
-0.137801669
0.167904932
0.167522636
0.08217343
0.466332113
0.300985143
0.171006265
0.26496255
0.023067236
0.035895734
-0.444290817
0.02114553
-0.0905097
-0.705765189
-0.470222613
0.276840289
-0.381694397
-0.249619278
-0.284994406
-0.357084234
-0.110886441
-0.065622823
-0.170836864
-0.206281666
-0.307349123
-0.463044304
-0.19891333
-0.311609365
-0.369525342
-0.304101392
-0.058639227
-0.128938253
-0.35443085
-0.178246769
-0.199813023
0.090090627
-0.07837895
0.294743663
0.008435395
0.672754811
0.240303069
0.377867684
0.447946843
0.313044899
0.290500683
0.069022614
0.445974392
0.476207612
0.987356287
0.671138786
-0.526206165
-0.043870923
0.142553341
0.128740144
-0.304880103
-0.340937933
-0.165690683
-0.105048747
0.015800954
-0.430809919
-0.213806779
-0.208365062
-0.426600402
-0.757098724
-0.436995999
-0.559793585
-0.530565502
-0.33314333
-0.356869273
-0.098869741
-0.756490913
-0.566019594
-0.805544373
-0.758387589
-0.812174289
-0.754904746
-0.950624619
-0.56362274
-0.279679047
-0.452935273
-0.457586053
-0.377096891
-0.261952806
-0.323692935
-0.384709212
-0.462314897
0.009329031
0.048295018
0.071403484
-0.208122917
-0.078983094
-0.309252822
0.094713932
0.038852007
0.21261106
0.464683434
0.645496125
1.403695041
1.843233066
1.406676636
1.456404297
1.063520819
0.444154441
0.329802665
0.197914655
-0.322523903
-0.348535299
-0.265508361
-0.102152705
0.03754366
-0.361547048
-0.516268758
-0.471582367
-0.185060998
-0.242888602
-0.208011304
0.009309809
-0.158310538
-0.097836525
-0.164248024
0.103731645
-0.397309407
-0.33768419
-0.13071772
-0.513245981
-0.651685081
-0.474559917
-0.513438252
-0.439241362
-0.314706698
-0.271717825
-0.359157958
-0.40130608
-0.341587264
-0.529126086
0.131507245
-0.459517955
-0.716269577
-0.868187995
-0.409447362
-0.636324315
-0.214905882
-0.426623741
-0.37949126
-0.609694167
-0.668464778
-0.408681161
-0.086786887
-0.202964524
-0.430410262
0.369532631
-0.541537689
-0.082036053
-0.007112897
0.21868098
-0.239108778
-0.270964779
0.078365046
0.147490758
0.011146072
-0.079095157
0.199147976
1.46948921
1.713995388
1.064467141
0.575236635
-0.309739193
-0.506392071
-0.606743174
-0.631329448
-0.268628552
0.311656769
0.224953714
0.162701437
-0.116973768
-0.165949871
0.398941457
-0.035573122
0.240586163
0.649064621
0.847937248
1.220753334
0.983994082
0.894940771
-0.056713606
0.875973265
0.783255328
0.633082651
0.655591304
0.771374323
1.021199896
0.710470711
1.013360052
0.646680201
0.430393003
-0.243177249
0.20479109
-0.178874963
-0.316077572
-0.306061222
-0.540159646
-0.735699753
-0.340185945
-0.815242326
-0.465204969
-0.483285527
-0.538573769
-0.694056329
-0.606969803
-0.40442517
-0.44679304
-0.395267464
-0.433891967
-0.198030464
0.007537009
0.00277723
0.066720904
-0.062807252
0.056723833
0.070036825
-0.002529801
-0.247725575
0.274130407
0.039002576
0.217365115
0.134816823
-0.15280074
-0.098174593
0.093854405
-0.093341524
-0.114947932
-0.20034744
0.333798735
0.21364939
0.024486729
-0.071471421
0.128428622
-0.088232354
0.031727724
-0.158375046
0.009061893
-0.090743896
-0.30153123
0.172527813
-0.473574789
-0.161007723
-0.331622739
-0.355332974
-0.14353669
-0.342679458
-0.332815061
-0.329370162
-0.556798429
-0.14572818
-0.304235152
0.110574974
-0.205069985
-0.183782289
-0.370560134
-0.06623249
-0.316008557
-0.111866751
-0.123121813
-0.075098115
-0.238262343
-0.197169179
-0.314026838
-0.243091439
-0.007151899
-0.075289078
0.014991928
0.347071449
0.217564693
0.454108838
-0.077812088
0.280098793
0.255008624
0.062787199
0.076142388
0.019086955
-0.193039876
-0.042445176
0.30336736
0.160407127
0.144954184
0.378335159
0.323991487
0.347103914
0.58870882
0.849177393
0.588155926
0.743703965
0.817817589
0.621517184
0.398133806
0.248858663
0.066186564
0.163768662
0.316188382
0.026632616
0.363432579
0.348472848
0.497078253
0.419985632
0.021905035
-0.142035046
0.006189054
0.063179692
0.193711093
0.080062736
0.254549945
0.214181792
-0.052651967
-0.034548499
-0.042342101
-0.053558855
-0.038763977
0.253259273
-0.022228549
0.073042544
0.1052785
-0.024505872
0.111870582
-0.052985431
-0.176427238
-0.148771953
-0.28826584
-0.030933721
-0.097130478
-0.463257451
-0.323118107
-0.359357598
-0.241304449
-0.185510584
-0.320401668
-0.25679098
-0.379840836
-0.401446738
-0.380893471
-0.138283942
0.035174293
0.061259396
0.198041719
0.211390782
0.0164409
0.21911362
-0.188015828
-0.042424698
0.18677606
0.113951736
0.041721993
0.442412825
-0.259196067
0.044329864
-0.154964528
-0.183479429
-0.271021345
0.053771908 