 1960.03 
 1996.07 
0.183504245
0.155150895
-0.045509876
0.058439772
0.069869347
0.079134411
-0.062962387
0.018798558
0.064068588
-0.019574601
-0.341716962
-0.035654557
-0.360132254
-0.530993289
-0.267333227
-0.361338458
-0.264385711
-0.319543311
-0.07043618
-0.368544341
-0.281593287
-0.198142534
0.063340896
-0.183579761
-0.11365002
-0.045943921
-0.040777699
0.071339829
-0.190224501
0.132856853
0.033613617
-0.20460599
-0.010647971
-0.046965919
-0.011987092
-0.06067197
-0.054993513
-0.07188893
0.028981799
0.017165886
0.025172997
0.018534997
-0.059554488
0.110826588
0.034303381
-0.006265801
-0.036848429
-0.058553761
0.115357945
-0.206784966
-0.054622166
0.077306634
-0.126486474
0.02158739
0.092013946
0.248996654
-0.259863838
-0.099040828
-0.035677246
0.031102119
-0.032313768
0.146617799
0.047688537
0.136916765
-0.114643392
0.123172584
0.013694047
-0.040017244
0.009066162
0.058643848
-0.087020084
0.156069476
-0.073668443
0.099227306
0.128098935
0.119095718
0.244953506
0.212337147
-0.070806737
-0.058493851
0.118106404
0.041722987
-0.048610163
0.204857509
-0.005068457
-0.105928056
0.086216095
0.099579707
-0.080705249
-0.244102993
-0.068199484
-0.140714129
-0.203979183
-0.254916985
0.005436559
0.034591155
-0.032279856
0.121333327
-0.002093011
0.211741507
0.123235729
0.195563004
0.038026561
0.133957529
0.044124969
0.12110561
0.197348943
0.166651591
0.309899275
0.301758806
0.518570188
0.615451787
0.277687593
0.432576329
0.469062747
0.409617731
0.453527034
0.429854815
0.51140513
0.350215439
0.200291199
0.445209178
0.168535741
0.205186819
0.042733936
-0.036802468
0.194476836
0.320005442
0.106038779
-0.431511604
-0.305196491
-0.155740643
0.011414564
0.023118233
0.13776212
0.017064396
0.047114167
0.286246326
-0.117929256
0.018903941
0.099028319
-0.005270601
-0.303199157
-0.04865779
-0.113262106
-0.011133367
0.171625827
0.095617385
0.134807538
-0.049331704
0.16042983
-0.143508421
0.098804326
0.059198225
0.229330474
0.419926904
0.552233762
0.336482305
0.412567352
0.602591705
0.445916732
1.337636036
-0.000218408
0.551599925
0.727632629
0.740008487
0.855549486
0.651343331
0.476129757
0.565873727
0.788623836
0.655583603
1.043564487
0.836613827
0.591991786
0.375526737
0.664148992
0.562699026
0.129666762
-0.073904397
-0.169291071
-0.312850735
-0.388848306
-0.299051294
-0.177776895
-0.41555659
-0.236346982
-0.262368951
-0.287528818
-0.397394007
-0.464554748
-0.360859934
-0.149991164
-0.117708523
-0.035366995
-0.009594659
-0.093120914
-0.130763336
0.028431217
-0.016519769
-0.219400409
-0.140521111
0.086315296
0.036544766
-0.22562202
-0.008934764
-0.008625755
0.048846256
0.062982399
0.16496999
0.157164377
0.143800717
0.252536663
0.017656124
0.48174146
0.05401139
0.034945881
0.024233206
0.246206834
0.226632839
0.289777376
0.115612426
0.321946163
0.340063657
0.357764337
0.317969443
0.410164136
0.326604427
0.274095438
0.587690876
0.19478081
0.370121572
0.494584659
0.54208348
0.368608584
0.692232141
0.480645888
0.445144602
0.594161094
0.447159763
0.793500943
0.773854036
0.3905727
0.125290885
0.055737138
0.097371032
-0.031218738
0.116274242
0.385163609
0.820075585
0.922405097
0.475106133
0.000536366
0.278371448
0.581043605
0.649598437
0.688133883
0.279832156
0.239670527
-0.059343357
0.048576337
0.003217555
0.289944037
-0.267843048
0.052720599
0.166254674
0.304368881
0.226999135
-0.323204588
-0.387717451
-0.256910598
0.000489504
-0.205537938
-0.171069333
-0.300216718
-0.092428375
-0.211533869
-0.015671424
-0.225038469
-0.054692475
-0.099209989
-0.017317127
-0.211905453
-0.123029224
-0.004638378
-0.072409711
-0.048048651
0.132003904
-0.008644121
0.080960408
-0.018596743
0.052020152
0.13928763
0.07359563
0.056664123
-0.060371798
-0.156348566
-0.186619327
0.025333119
-0.010346209
-0.081649591
-0.055332701
-0.176610394
-0.107331693
0.116550662
-0.033965567
0.004824998
0.216685911
-0.049010556
-0.016473915
-0.000682181
-0.049323556
-0.043380097
0.100446934
0.359467633
0.099198944
-0.119966515
0.122266142
0.085522232
-0.023776065
0.004520532
0.070702623
0.414547167
-0.176010215
0.035674633
0.166929339
0.037333972
0.067442236
-0.083598875
0.020431675
0.062377069
0.000642013
0.017096709
-0.07684762
0.044384201
-0.09437856
0.074048996
0.13250693
0.017930196
0.1105872
0.186194546
0.071368061
0.130342692
-0.044093302
0.153480998
0.141745172
0.195464764
0.198058587
0.259249546
0.276133444
0.193735531
0.078581843
0.304939505
-0.058803585
0.297502397
0.262767603
0.057869619
0.054753776
0.586523048
-0.284391389
-0.040650926
0.058182907
-0.00257681
0.011540075
0.084911835
0.331113259
0.063823779
0.192243727
-0.046861282
-0.088628462
0.029452447
-0.351780682
-0.189836052
-0.194365279
-0.248958207
-0.384740537
-0.2488388
-0.141889879
-0.287355471
-0.171297441
-0.100631653
-0.175456709
-0.26506112
-0.198458017
-0.291794642
-0.325577855
-0.255107151
-0.127158735
-0.36491263
-0.181983147
-0.179854433
-0.261020802
-0.337031477
-0.376322157
-0.170704672
-0.264711497
-0.149290981
-0.142285228
-0.153552952
-0.223394096
-0.141407892
-0.157968374
-0.179069755
-0.061453787
-0.236292376
-0.270646876
-0.092702977
-0.03934429
-0.222616109
-0.212485914
-0.138571214
-0.084401618
-0.094278093
-0.170401392
-0.163335672
-0.236600007
-0.02702616
-0.257601052
-0.088423077
-0.02752378
-0.050500094
0.142036528
-0.11930987
-0.0513234
0.080653685
-0.096770414
-0.057767714
0.1313149
-0.04602208
-0.002167249
0.285602056
-0.246348864
0.146389322
-0.108315049
-0.126495298
-0.237408079
0.105347474