 1960.03 
 1996.07 
43297
43564
43561
43521
43535
43627
43743
43759
43896
43924
43907
43756
43854
43862
43926
43918
43867
43893
43866
43880
43825
43716
43589
43693
43704
43690
43868
43800
43665
43982
44029
44018
44028
43969
44025
44013
44100
44137
44145
44181
44327
44239
44304
44288
44385
44335
44397
44384
44380
44633
44692
44503
44661
44596
44712
44763
44714
44705
44837
44894
44895
44967
45096
44891
44883
44833
44715
44721
44671
44717
44698
44689
44750
44782
44795
44767
44695
44761
44781
44792
44882
44939
45086
45037
45000
45140
45177
45307
45398
45477
45526
45656
45696
45808
45671
45764
45706
45729
45788
45927
45897
45884
45855
45834
45929
46149
46081
46242
46205
46166
46182
46236
46290
46470
46519
46552
46508
46639
46842
46961
47050
47173
47219
47178
47251
47250
47365
47398
47563
47658
47627
47524
47575
47838
48010
47940
48079
48201
48232
48161
48375
48458
48542
48593
48855
48882
48956
49128
49204
49219
49272
49264
49320
49489
49389
49577
49812
49768
49739
49872
50018
49928
49951
50098
50324
50530
50862
50866
50721
50649
50775
50746
50716
50907
50956
51088
51213
51185
51213
51141
51252
51391
51607
51381
51661
51692
51711
51654
51700
51612
51753
51762
51848
52099
52161
52177
52372
52463
52560
52600
52802
52826
52784
52974
52970
53009
53127
53313
53295
53465
53357
53725
53900
54001
54077
54061
54103
54247
54348
54440
54422
54457
54513
54670
55018
55137
55349
55524
55390
55338
55295
55502
55686
55686
55855
55895
55884
55990
56225
56412
56195
56327
56513
56374
56553
56585
56613
56678
56760
56665
56860
56928
57107
57236
57459
57102
57179
57237
57175
57301
57361
57429
57461
57607
57678
57823
58022
58005
58079
58037
58296
58335
58390
58400
58105
58191
58245
58457
58531
58862
59005
58999
59019
58963
59104
59084
59250
59341
59333
59450
59540
59750
59790
59806
59946
59928
60008
60125
59949
59955
60071
60186
60171
60149
60192
60330
60539
60647
60614
60601
61126
61027
61119
61058
61123
61303
61373
61298
61492
61483
61716
61898
61899
61875
61901
61918
62175
62058
62120
62104
62111
62273
62312
62268
62423
62584
62479
62701
62724
62681
62764
62994
62857
62955
63031
63004
63375
63426
63505
63628
63515
63841
63751
63764
63670
63893
63950
64030
64805
64751
64806
64686
64821
64828
64866
65006
64995
65093
65245
65300
65149
65168
65350
65463
65220
65376
65424
65357
65586
65450
65533
65527
65767
65719
66013
66167
66372
66427
66420
66449
66386
66259
66310
66250
66329
66363
66496
66429
66676
66801
66846
66864
66625
66754
66681
66701
66840
66711
66690
66654
66681
66639
66778
66928
66918
67169
67356
67395
67593
67451
67563
67479
67283
67281
67264
67218
67286
67193
67171
67133
67563
67719
67980
67821
68064
68118
68274