 1960.03 
 1996.07 
1977
1923
1893
1968
2045
2124
2139
2295
2353
2508
2544
2579
2581
2656
2787
2569
2622
2531
2466
2371
2269
2182
2042
1948
2008
2043
2021
2039
1994
2082
2009
1932
2043
2035
2087
2137
2053
2006
2000
1913
1900
1839
1804
1851
1970
1908
1887
1805
1780
1748
1667
1743
1663
1633
1703
1740
1543
1596
1600
1615
1525
1570
1517
1404
1394
1386
1344
1260
1224
1204
1203
1161
1174
1103
1085
1105
1121
1125
1063
1016
1078
1119
1057
1040
1078
1079
1077
1077
1034
1067
991
1046
1071
1089
1065
1105
1043
976
947
1013
962
987
962
950
933
887
927
903
900
904
904
923
985
957
1072
1064
1003
1062
1188
1334
1382
1494
1553
1624
1735
1755
1830
1890
2023
2192
2100
2069
2055
2049
2093
2061
2079
2160
2142
2029
2166
2178
2071
1993
2034
2019
2006
1981
1960
1898
1878
1910
1791
1742
1688
1693
1695
1670
1671
1628
1566
1575
1543
1467
1560
1628
1755
1809
1735
1796
1736
1800
1833
1957
1978
2129
2380
2727
3127
3214
3476
3632
3772
3627
3611
3453
3585
3489
3497
3346
3161
3041
3012
3002
2968
3167
3136
3046
3075
3076
3241
3227
3046
3136
2939
2824
2847
2769
2698
2720
2532
2679
2584
2509
2535
2483
2468
2335
2298
2200
2232
2229
2229
2222
2216
2330
2277
2291
2270
2253
2117
2193
2302
2350
2345
2417
2449
2435
2724
2726
2842
3292
3598
3662
3820
3770
3747
3584
3550
3332
3468
3483
3445
3350
3580
3526
3365
3519
3550
3819
4026
4280
4358
4435
4624
4742
4788
5072
5183
5240
5536
5711
5853
5903
5618
5738
5630
5643
5609
5347
5170
5162
5036
4817
4605
4422
4275
4128
4052
4077
3879
3754
3869
3876
3851
3745
3734
3812
3765
3739
3715
3812
3640
3861
3757
3675
3694
3678
3642
3606
3489
3758
3766
3700
3836
3832
3859
3701
3862
3823
3775
3713
3635
3596
3539
3415
3462
3477
3380
3294
3147
3200
3102
3051
3077
3049
3086
2869
3080
2930
2876
3117
2877
2932
2989
2945
2898
2838
2710
2864
2720
2787
2804
2849
3002
2935
2992
2962
3063
2946
2974
3107
3043
3066
3183
3291
3387
3487
3700
3794
3766
4051
4206
4183
4168
4229
4245
4235
4307
4276
4332
4453
4651
4657
4650
4699
4859
4890
4779
4768
4723
4709
4666
4529
4434
4400
4489
4397
4367
4392
4349
4230
4188
4140
3949
3941
4060
3998
3882
3742
3502
3557
3687
3550
3392
3398
3314
3172
3403
3096
3196
3283
3332
3242
3233
3236
3263
3047
3270
3254
3317
3294
3386
3266
3246
3157
3179